331 215
332 235
335 255
339 275
347 293
359 310
373 325
392 337
413 338
432 334
445 320
456 304
463 285
466 266
468 247
470 228
470 209
345 208
355 198
370 197
384 199
397 205
421 202
433 196
446 193
458 193
465 203
410 218
411 233
412 248
413 264
394 270
403 273
413 276
421 272
428 268
360 224
369 223
378 223
388 224
379 227
370 228
427 222
436 219
444 219
452 220
445 223
437 224
383 292
395 290
406 288
413 290
420 287
428 288
437 289
429 300
422 306
414 307
406 307
396 303
388 293
406 294
413 295
420 293
433 290
421 295
413 297
406 296
